11
EPI_ISL_18114672_EG.5.1.1 0.0000000 0.0294369 0.9085816 0.8983013 0.9014588 0.8890710 0.9277794 1.0210614 0.8271437 0.8051419 0.5900551 
EPI_ISL_18105651_EG.5.1.1 0.0294369 0.0000000 0.9199045 0.9098674 0.9500444 0.9006553 0.9390342 1.0322450 0.8392384 0.8174674 0.8184066 
EPI_ISL_18401744_XCN      0.9085816 0.9199045 0.0000000 0.0294491 0.0495647 0.0293149 0.0396417 0.0318945 0.1137511 0.1027984 0.9455009 
EPI_ISL_18289815_XCN      0.8983013 0.9098674 0.0294491 0.0000000 0.0396758 0.0195530 0.0297463 0.0212743 0.1035128 0.0926032 0.9366162 
EPI_ISL_18289774_XCN      0.9014588 0.9500444 0.0495647 0.0396758 0.0000000 0.0394916 0.0500771 0.0430071 0.1254757 0.1143311 0.9381536 
EPI_ISL_18284946_XCN      0.8890710 0.9006553 0.0293149 0.0195530 0.0394916 0.0000000 0.0296093 0.0211700 0.1029860 0.0921384 0.9280489 
EPI_ISL_18105656_XCN      0.9277794 0.9390342 0.0396417 0.0297463 0.0500771 0.0296093 0.0000000 0.0322440 0.1150334 0.1039423 0.9632321 
EPI_ISL_18289734_XCN      1.0210614 1.0322450 0.0318945 0.0212743 0.0430071 0.0211700 0.0322440 0.0000000 0.1126008 0.1006839 1.0497886 
EPI_ISL_18105577_FR.1.1   0.8271437 0.8392384 0.1137511 0.1035128 0.1254757 0.1029860 0.1150334 0.1126008 0.0000000 0.0095764 0.8717288 
EPI_ISL_18074780_FR.1.1   0.8051419 0.8174674 0.1027984 0.0926032 0.1143311 0.0921384 0.1039423 0.1006839 0.0095764 0.0000000 0.8518930 
Reference                 0.5900551 0.8184066 0.9455009 0.9366162 0.9381536 0.9280489 0.9632321 1.0497886 0.8717288 0.8518930 0.0000000 
