11
EPI_ISL_18114672_EG.5.1.1 0.0000000 0.0126888 0.0653787 0.0653787 0.0778343 0.0938810 0.0794443 0.0778343 0.2196140 0.2029601 0.6985733 
EPI_ISL_18105651_EG.5.1.1 0.0126888 0.0000000 0.0515080 0.0515080 0.0611462 0.0792050 0.0651805 0.0611462 0.2013262 0.1851587 1.6804427 
EPI_ISL_18401744_XCN      0.0653787 0.0515080 0.0000000 0.0000010 0.0000010 0.0257639 0.0127259 0.0000010 0.2683208 0.2508650 1.9038628 
EPI_ISL_18289815_XCN      0.0653787 0.0515080 0.0000010 0.0000000 0.0000010 0.0257639 0.0127259 0.0000010 0.2683208 0.2508650 1.9038628 
EPI_ISL_18289774_XCN      0.0778343 0.0611462 0.0000010 0.0000010 0.0000000 0.0305914 0.0150775 0.0000010 0.3281208 0.3060763 2.8288964 
EPI_ISL_18284946_XCN      0.0938810 0.0792050 0.0257639 0.0257639 0.0305914 0.0000000 0.0126891 0.0305914 0.3072831 0.2888599 2.1184035 
EPI_ISL_18105656_XCN      0.0794443 0.0651805 0.0127259 0.0127259 0.0150775 0.0126891 0.0000000 0.0150775 0.2875012 0.2695723 2.0092647 
EPI_ISL_18289734_XCN      0.0778343 0.0611462 0.0000010 0.0000010 0.0000010 0.0305914 0.0150775 0.0000000 0.3281208 0.3060763 2.8288964 
EPI_ISL_18105577_FR.1.1   0.2196140 0.2013262 0.2683208 0.2683208 0.3281208 0.3072831 0.2875012 0.3281208 0.0000000 0.0126426 1.2408987 
EPI_ISL_18074780_FR.1.1   0.2029601 0.1851587 0.2508650 0.2508650 0.3060763 0.2888599 0.2695723 0.3060763 0.0126426 0.0000000 1.1953263 
Reference                 0.6985733 1.6804427 1.9038628 1.9038628 2.8288964 2.1184035 2.0092647 2.8288964 1.2408987 1.1953263 0.0000000 
